{
  "advancedEditorSelectedIdentifier" : "ProjectBrowser",
  "openSceneRelativePaths" : [
    "Immersive.usda"
  ],
  "recentIdentifiers" : {
    "AF09ED6F-1707-48FD-8720-65B998362C09" : [

    ]
  },
  "sceneCameraHistory" : {
    "AF09ED6F-1707-48FD-8720-65B998362C09" : [
      {
        "date" : 748381976.661624,
        "title" : "Untitled",
        "transform" : [
          0.999999,
          1.9590246e-11,
          -0.0014154606,
          0,
          -0.0008216987,
          0.81424826,
          -0.5805162,
          0,
          0.0011525364,
          0.58051676,
          0.8142474,
          0,
          -0.02073992,
          0.47431162,
          0.15877473,
          1
        ]
      },
      {
        "date" : 747964181.238976,
        "title" : "Untitled",
        "transform" : [
          0.999999,
          1.9590246e-11,
          -0.0014154606,
          0,
          -0.0008216987,
          0.81424826,
          -0.5805162,
          0,
          0.0011525364,
          0.58051676,
          0.8142474,
          0,
          0.0069431625,
          0.22910127,
          0.3335579,
          1
        ]
      },
      {
        "date" : 747807636.93992,
        "title" : "Untitled",
        "transform" : [
          0.999999,
          1.9590246e-11,
          -0.0014154606,
          0,
          -0.0008216987,
          0.81424826,
          -0.5805162,
          0,
          0.0011525364,
          0.58051676,
          0.8142474,
          0,
          -0.25214645,
          1.6989883,
          1.4177238,
          1
        ]
      },
      {
        "date" : 747807630.240451,
        "title" : "Untitled",
        "transform" : [
          1,
          0,
          0,
          0,
          0,
          0.86602485,
          -0.5000009,
          0,
          0,
          0.5000009,
          0.86602485,
          0,
          -0.25698075,
          1.3668514,
          1.5183523,
          1
        ]
      },
      {
        "date" : 747807557.885477,
        "title" : "Untitled",
        "transform" : [
          1,
          0,
          0,
          0,
          0,
          0.86602485,
          -0.5000009,
          0,
          0,
          0.5000009,
          0.86602485,
          0,
          -0.46613336,
          3.3089125,
          3.3850029,
          1
        ]
      },
      {
        "date" : 747807546.40123,
        "title" : "Untitled",
        "transform" : [
          1,
          0,
          0,
          0,
          0,
          0.86602485,
          -0.5000009,
          0,
          0,
          0.5000009,
          0.86602485,
          0,
          0.43781042,
          3.9958413,
          2.9884026,
          1
        ]
      },
      {
        "date" : 747807525.359844,
        "title" : "Untitled",
        "transform" : [
          1,
          0,
          -0,
          0,
          -0,
          0.86602485,
          -0.5000009,
          0,
          0,
          0.5000009,
          0.86602485,
          0,
          0,
          3.2098114,
          3.442218,
          1
        ]
      }
    ]
  }
}